105155958323358407956723473498671778519598409984754334464869003642786864278907
93395103981344129213876316725298710398225720250824611197808517718856158881009
90772116951230832452963661260154475825755873628363490862123034809846505643017
115584455366949185610845303598679655702836495320029286917875840053565673714783
104478709938664076264618554039665281299307096713449093133643921836601780203249
105121974643623046205753395537791423645165899544068032171754219809059060350027
92619130980958650050046644229475099110370707128530129155270056461857026995207
100461421213835381758273083500482379856439094763200038654579721132332550260657
95739040287223810902169126931702695820861685581604792223242554382634150471099
108845908227383866528834363557670460516181437513566836091528702995094669576793
88377034959717973943712344515650443204467101116165217987630313945040296292761
105318760747986645318231673906861349104815320792814304641032089120495234049663
94092431232453665370734218379539088707110441814500444089798523055649053331141
103099207542518048827572140383880189222652413365777010827030555930980776053097
115101964736221448982966934243560892565363110762732132335189077450682107147261
99718939901663392672081055673894622128525475976130640368732710875211820133181
102855743645974308535981207695531672089639231468650212334806896523190506237263
92095216522835710244319357665569533419350466066503424338665357655487120500607
102680337957980405129771514650656803558436728811161950826738026288114108331971
113764987782201145885100660278981272955639667489575770552638767852745732577947
